,24-Hour Passes Purchased (midnight to 11:59 pm),7-Day Passes Purchased (midnight to 11:59 pm),Annual Member Sign-Ups (midnight to 11:59 pm),Cumulative trips (since launch):,Date,Miles traveled to date:,Miles traveled today (midnight to 11:59 pm),Total Annual Members,Trips over the past 24-hours (midnight to 11:59pm)
0,0.0,0.0,2043,9767,5/27/2013,"21,533",21.533,17216,9767
1,0.0,0.0,2598,14982,5/28/2013,"30,313",8.78,19816,5215
2,0.0,0.0,2167,25963,5/29/2013,"52,211",21.898000000000003,21986,10981
3,0.0,0.0,1998,35813,5/30/2013,"72,532",20.320999999999998,23985,9850
4,0.0,0.0,1630,45066,5/31/2013,"92,775",20.243,25615,9253
5,0.0,0.0,1141,54918,6/1/2013,"119,122",26.346999999999998,26756,9852
6,4723.0,289.0,1496,72508,6/2/2013,"171,266",52.143,28253,17590
7,1160.0,221.0,1363,81107,6/3/2013,"190,173",18.907,29616,8599
8,2922.0,394.0,1479,98696,6/4/2013,"238,839",48.666000000000004,31095,17589
9,2821.0,279.0,1530,116129,6/5/2013,"283,757",44.917,32620,17433
10,1872.0,210.0,1334,129861,6/6/2013,"314,743",30.987,33954,13732
11,66.0,11.0,495,131254,6/7/2013,"316,809",2.065,34449,1393
12,5013.0,230.0,784,151153,6/8/2013,"371,473",54.665,35233,19899
13,5772.0,275.0,1062,174389,6/9/2013,"443,077",71.604,36295,23236
14,290.0,82.0,791,178893,6/10/2013,"453,215",10.138,37086,4504
15,1836.0,273.0,808,193531,6/11/2013,"487,845",34.63,37894,14638
16,2767.0,316.0,911,212491,6/12/2013,"533,559",45.714,38805,18960
17,701.0,119.0,637,221273,6/13/2013,"548,634",15.075,39442,8782
18,2268.0,211.0,636,237696,6/14/2013,"582,614",33.98,40078,16423
19,6107.0,319.0,624,264972,6/15/2013,"655,406",72.792,40702,27276
20,4413.0,314.0,839,288582,6/16/2013,"714,979",59.573,41541,23610
21,2378.0,530.0,1023,309860,6/17/2013,"758,876",43.897,42564,21278
22,1236.0,277.0,830,324686,6/18/2013,"786,546",27.67,43394,14826
23,2678.0,607.0,829,350953,6/19/2013,"840,951",54.405,44223,26267
24,2814.0,421.0,801,379947,6/20/2013,"900,886",59.935,45024,28994
25,3465.0,408.0,791,410607,6/21/2013,"965,759",64.872,45815,30660
26,5902.0,383.0,633,442492,6/22/2013,"1,046,191",80.433,46448,31885
27,4959.0,279.0,755,473145,6/23/2013,"1,122,641",76.45,47203,30653
28,1844.0,386.0,932,499781,6/24/2013,"1,173,305",50.663999999999994,48135,26636
29,1937.0,343.0,780,530207,6/25/2013,"1,229,380",56.075,48915,30426
30,2000.0,301.0,750,562529,6/26/2013,"1,289,043",59.663000000000004,49665,32322
31,1680.0,223.0,690,590623,6/27/2013,"1,344,304",55.26,50355,28094
32,2268.0,291.0,674,621218,6/28/2013,"1,402,340",58.037,51029,30595
33,4895.0,296.0,476,654165,6/29/2013,"1,479,567",77.226,51505,32947
34,3592.0,178.0,620,681450,6/30/2013,"1,540,619",61.052,52125,27285
35,846.0,167.0,597,701601,7/1/2013,"1,576,787",36.168,52722,20151
36,1435.0,219.0,588,728283,7/2/2013,"1,625,520",48.733000000000004,53310,26682
37,1419.0,189.0,438,753792,7/3/2013,"1,671,537",46.016000000000005,53748,25509
38,4219.0,257.0,325,779796,7/4/2013,"1,735,210",63.674,54073,26004
39,2803.0,215.0,434,805337,7/5/2013,"1,788,629",53.419,54507,25541
40,3178.0,172.0,336,829034,7/6/2013,"1,842,391",53.761,54843,23697
41,2703.0,186.0,441,852722,7/7/2013,"1,893,025",50.63399999999999,55284,23688
42,1453.0,321.0,687,878785,7/8/2013,"1,942,856",49.831,55971,26063
43,1379.0,287.0,639,909714,7/9/2013,"1,998,355",55.498999999999995,56610,30929
44,1435.0,223.0,584,940419,7/10/2013,"2,054,304",55.948,57194,30705
45,1478.0,196.0,531,970108,7/11/2013,"2,110,697",56.393,57725,29689
46,1096.0,118.0,408,992925,7/12/2013,"2,150,667",39.97,58133,22817
47,3285.0,213.0,362,1023057,7/13/2013,"2,215,501",64.833,58495,30132
48,3681.0,224.0,459,1056602,7/14/2013,"2,290,520",75.02,58954,33545
49,1382.0,273.0,639,1089167,7/15/2013,"2,348,275",57.755,59593,32565
50,1288.0,251.0,536,1123924,7/16/2013,"2,410,132",61.856,60129,34757
51,1303.0,201.0,490,1159096,7/17/2013,"2,470,829",60.698,60619,35172
52,1094.0,143.0,389,1192318,7/18/2013,"2,527,057",56.228,61008,33222
53,1389.0,164.0,358,1222985,7/19/2013,"2,579,841",52.784,61366,30667
54,2811.0,169.0,286,1252130,7/20/2013,"2,638,640",58.799,61652,29145
55,3502.0,191.0,422,1286824,7/21/2013,"2,714,950",76.31,62074,34694
56,1005.0,184.0,503,1316611,7/22/2013,"2,765,095",50.145,62577,29787
57,1390.0,220.0,449,1353907,7/23/2013,"2,831,006",65.911,63026,37296
58,1708.0,211.0,440,1394606,7/24/2013,"2,905,475",74.469,63466,40699
59,1163.0,144.0,356,1430813,7/25/2013,"2,967,663",62.188,63822,36207
60,2073.0,176.0,360,1470312,7/26/2013,"3,040,373",72.71,64182,39499
61,4259.0,197.0,313,1507443,7/27/2013,"3,122,643",82.27,64495,37131
62,2391.0,137.0,389,1534223,7/28/2013,"3,176,204",53.562,64884,26780
63,1712.0,275.0,497,1574241,7/29/2013,"3,249,630",73.425,65381,40018
64,1701.0,237.0,474,1617223,7/30/2013,"3,327,547",77.917,65855,42982
65,1692.0,186.0,455,1659968,7/31/2013,"3,404,528",76.982,66310,42745
66,415.0,73.0,334,1682993,8/1/2013,"3,439,323",34.794000000000004,66644,23025
67,2302.0,230.0,383,1723647,8/2/2013,"3,514,713",75.39,67027,40654
68,3417.0,180.0,266,1757820,8/3/2013,"3,588,013",73.3,67293,34173
69,4547.0,261.0,392,1797923,8/4/2013,"3,681,204",93.191,67685,40103
70,1924.0,276.0,557,1839682,8/5/2013,"3,759,968",78.764,68242,41759
71,1778.0,222.0,502,1882656,8/6/2013,"3,839,230",79.262,68744,42974
72,1261.0,183.0,393,1921776,8/7/2013,"3,905,939",66.709,69137,39120
73,946.0,137.0,299,1953839,8/8/2013,"3,957,604",51.665,69436,32063
74,1269.0,134.0,286,1986765,8/9/2013,"4,012,556",54.952,69722,32926
75,5567.0,223.0,274,2030133,8/10/2013,"4,116,300",103.744,69996,43368
76,3826.0,234.0,372,2067294,8/11/2013,"4,199,304",83.00399999999999,70368,37161
77,1314.0,257.0,431,2102940,8/12/2013,"4,262,200",62.896,70799,35646
78,787.0,111.0,322,2128509,8/13/2013,"4,306,574",44.373999999999995,71121,25569
79,1727.0,219.0,360,2171946,8/14/2013,"4,385,055",78.48100000000001,71481,43437
80,1733.0,179.0,381,2214868,8/15/2013,"4,461,354",76.29899999999999,71862,42922
81,2085.0,170.0,345,2256119,8/16/2013,"4,538,398",77.044,72207,41251
82,5729.0,217.0,264,2300403,8/17/2013,"4,642,688",104.29,72471,44284
83,2524.0,160.0,375,2331915,8/18/2013,"4,705,426",62.738,72846,31512
84,1395.0,236.0,453,2369837,8/19/2013,"4,771,130",65.704,73299,37922
85,1491.0,233.0,404,2410992,8/20/2013,"4,843,827",72.697,73703,41155
86,1365.0,176.0,377,2452710,8/21/2013,"4,917,024",73.19800000000001,74080,41718
87,787.0,128.0,320,2483457,8/22/2013,"4,968,280",51.255,74400,30747
88,1965.0,157.0,313,2522173,8/23/2013,"5,040,455",72.175,74713,38716
89,3933.0,194.0,299,2560222,8/24/2013,"5,121,507",81.05199999999999,75012,38049
90,3626.0,199.0,360,2596863,8/25/2013,"5,202,240",80.733,75372,36641
91,1098.0,190.0,384,2631675,8/26/2013,"5,263,713",61.473,75756,34812
92,1222.0,188.0,367,2670933,8/27/2013,"5,330,798",67.086,76123,39258
93,765.0,102.0,279,2703195,8/28/2013,"5,384,254",53.456,76402,32262
94,1363.0,141.0,267,2741821,8/29/2013,"5,450,171",65.917,76669,38626
95,1872.0,165.0,253,2778691,8/30/2013,"5,517,420",67.249,76922,36870
96,3064.0,174.0,211,2807238,8/31/2013,"5,577,469",60.049,77133,28547
97,3273.0,148.0,198,2835568,9/1/2013,"5,638,565",61.096000000000004,77331,28330
98,1829.0,121.0,278,2859662,9/2/2013,"5,684,625",46.06,77609,24094
99,1015.0,157.0,388,2896625,9/3/2013,"5,747,431",62.806999999999995,77997,36963
100,1263.0,176.0,391,2938710,9/4/2013,"5,821,132",73.70100000000001,78388,42085
101,1354.0,185.0,338,2979527,9/5/2013,"5,891,676",70.544,78726,40817
102,1556.0,155.0,284,3020457,9/6/2013,"5,963,800",72.124,79010,40930
103,3600.0,200.0,263,3059407,9/7/2013,"6,043,881",80.08,79273,38950
104,3025.0,182.0,376,3096943,9/8/2013,"6,120,207",76.32600000000001,79649,37536
105,1060.0,203.0,400,3137482,9/9/2013,"6,190,920",70.71300000000001,80049,40539
106,986.0,182.0,301,3179520,9/10/2013,"6,262,034",71.115,80350,42038
107,1046.0,147.0,295,3220053,9/11/2013,"6,329,471",67.437,80645,40533
108,756.0,126.0,265,3255118,9/12/2013,"6,385,918",56.446999999999996,80910,35065
109,1375.0,145.0,254,3296318,9/13/2013,"6,456,767",70.84899999999999,81164,41200
110,3035.0,153.0,206,3331681,9/14/2013,"6,525,948",69.18,81370,35363
111,3010.0,167.0,280,3367524,9/15/2013,"6,598,498",72.551,81650,35843
112,781.0,149.0,320,3402630,9/16/2013,"6,654,693",56.195,81970,35106
113,971.0,170.0,237,3445747,9/17/2013,"6,725,540",70.847,82207,43117
114,1078.0,152.0,273,3488683,9/18/2013,"6,796,896",71.355,82480,42936
115,1209.0,154.0,255,3532603,9/19/2013,"6,870,554",73.65899999999999,82735,43920
116,1631.0,156.0,224,3576498,9/20/2013,"6,945,648",75.094,82959,43895
117,3096.0,132.0,202,3611846,9/21/2013,"7,015,969",70.321,83161,35348
118,2479.0,136.0,251,3644951,9/22/2013,"7,080,726",64.758,83412,33105
119,1006.0,171.0,276,3683914,9/23/2013,"7,144,883",64.157,83689,38963
120,1158.0,153.0,233,3726868,9/24/2013,"7,215,286",70.402,83922,42954
121,966.0,133.0,208,3769507,9/25/2013,"7,285,786",70.5,84130,42639
122,973.0,117.0,175,3811754,9/26/2013,"7,354,431",68.646,84305,42247
123,1321.0,137.0,213,3853122,9/27/2013,"7,423,409",68.977,84519,41368
124,3452.0,126.0,193,3892061,9/28/2013,"7,501,809",78.4,84712,38939
125,2718.0,161.0,201,3928101,9/29/2013,"7,572,461",70.652,84913,36040
126,1023.0,140.0,323,3969180,9/30/2013,"7,639,629",67.168,85236,41079
0,,,258,4013952,10/1/2013,"7,713,294",73.665,85494,44772
1,,,279,4059619,10/2/2013,"7,789,442",76.149,85773,45667
2,,,560,4104091,10/3/2013,"7,862,077",72.635,86333,44472
3,,,779,4148180,10/4/2013,"7,936,300",74.223,87112,44089
4,,,750,4185863,10/5/2013,"8,010,192",73.892,87862,37683
5,,,742,4214892,10/6/2013,"8,060,079",49.887,88604,29029
6,,,585,4242396,10/7/2013,"8,100,403",40.324,89189,27504
7,,,332,4284596,10/8/2013,"8,169,518",69.116,89521,42200
8,,,248,4325203,10/9/2013,"8,231,732",62.214,89769,40607
9,,,182,4359310,10/10/2013,"8,281,464",49.732,89951,34107
10,,,170,4395691,10/11/2013,"8,337,961",56.497,90121,36381
11,,,180,4431171,10/12/2013,"8,407,802",69.84100000000001,90301,35480
12,,,221,4462672,10/13/2013,"8,467,357",59.556000000000004,90522,31501
13,,,248,4498858,10/14/2013,"8,527,618",60.261,90770,36186
14,,,207,4540317,10/15/2013,"8,594,243",66.625,90977,41459
15,,,194,4580961,10/16/2013,"8,658,358",64.115,91171,40644
16,,,172,4621324,10/17/2013,"8,722,285",63.927,91343,40363
17,,,208,4663099,10/18/2013,"8,791,450",69.165,91551,41775
18,,,108,4695568,10/19/2013,"8,850,973",59.523,91659,32469
19,,,156,4727584,10/20/2013,"8,911,643",60.67,91815,32016
20,,,214,4765932,10/21/2013,"8,973,859",62.216,92029,38348
21,,,184,4805673,10/22/2013,"9,034,282",60.424,92213,39741
22,,,111,4841031,10/23/2013,"9,084,602",50.318999999999996,92324,35358
23,,,86,4876269,10/24/2013,"9,135,212",50.61,92410,35238
24,,,95,4909980,10/25/2013,"9,185,320",50.108999999999995,92505,33711
25,,,93,4936633,10/26/2013,"9,230,693",45.372,92598,26653
26,,,100,4962613,10/27/2013,"9,275,108",44.415,92698,25980
27,,,146,4996911,10/28/2013,"9,327,752",52.643,92844,34298
28,,,100,5033191,10/29/2013,"9,381,516",53.765,92944,36280
29,,,91,5071008,10/30/2013,"9,436,457",54.94,93035,37817
30,,,102,5104999,10/31/2013,"9,487,740",51.283,93137,33991
31,,,84,5138192,11/1/2013,"9,539,774",52.035,93221,33193
32,,,94,5171880,11/2/2013,"9,604,607",64.833,93320,33688
33,,,104,5194294,11/3/2013,"9,639,461",34.853,93424,22414
34,,,71,5223768,11/4/2013,"9,682,263",42.802,93495,29474
35,,,103,5257947,11/5/2013,"9,731,940",49.677,93598,34179
36,,,108,5295732,11/6/2013,"9,790,064",58.125,93706,37785
37,,,93,5323581,11/7/2013,"9,828,583",38.518,93804,27849
38,,,61,5354613,11/8/2013,"9,874,455",45.872,93859,31032
39,,,59,5378135,11/9/2013,"9,913,570",39.116,93918,23522
40,,,51,5399405,11/10/2013,"9,947,057",33.486,93969,21270
41,,,92,5428949,11/11/2013,"9,990,076",43.019,94061,29544
42,,,66,5450454,11/12/2013,"10,017,556",27.48,94127,21505
43,,,62,5475958,11/13/2013,"10,051,489",33.933,94189,25504
44,,,61,5505152,11/14/2013,"10,092,152",40.663000000000004,94250,29194
45,,,55,5536678,11/15/2013,"10,139,359",47.207,94305,31526
46,,,56,5563886,11/16/2013,"10,187,459",48.1,94361,27208
47,,,64,5583283,11/17/2013,"10,216,825",29.366,94425,19397
48,,,108,5617001,11/18/2013,"10,269,226",52.401,94533,33718
49,,,60,5646634,11/19/2013,"10,309,249",40.023,94593,29633
50,,,59,5674920,11/20/2013,"10,347,174",37.925,94652,28286
51,,,51,5706009,11/21/2013,"10,390,602",43.428000000000004,94697,31089
52,,,42,5733512,11/22/2013,"10,429,362",38.76,94739,27503
53,,,29,5753908,11/23/2013,"10,461,001",31.638,94768,20396
54,,,40,5763977,11/24/2013,"10,473,249",12.248,94808,10069
55,,,35,5784626,11/25/2013,"10,499,811",26.561999999999998,94843,20649
56,,,30,5800832,11/26/2013,"10,520,094",20.283,94873,16206
57,,,24,5809447,11/27/2013,"10,530,423",10.329,94897,8615
58,,,15,5815115,11/28/2013,"10,538,800",8.377,94912,5668
59,,,16,5826082,11/29/2013,"10,554,207",15.405999999999999,94928,10967
60,,,27,5836687,11/30/2013,"10,569,715",15.508,94955,10605
61,,,42,5851009,12/1/2013,"10,590,837",21.121,94997,14322
62,,,74,5877531,12/2/2013,"10,628,564",37.728,95071,26522
63,,,69,5907297,12/3/2013,"10,670,729",42.165,95140,29766
64,,,57,5937769,12/4/2013,"10,714,650",43.92,95197,30472
65,,,53,5966991,12/5/2013,"10,756,639",41.99,95250,29222
66,,,46,5978617,12/6/2013,"10,771,314",14.674000000000001,95296,11626
67,,,38,5995485,12/7/2013,"10,795,695",24.381,95334,16868
68,,,20,6006377,12/8/2013,"10,809,865",14.17,95354,10892
69,,,35,6022569,12/9/2013,"10,830,402",20.537,95401,16192
70,,,34,6036516,12/10/2013,"10,848,168",17.766,95418,13947
71,,,26,6056885,12/11/2013,"10,874,007",25.839000000000002,95444,20369
72,,,35,6075437,12/12/2013,"10,897,249",23.241999999999997,95479,18552
73,,,28,6094818,12/13/2013,"10,922,911",25.662,95507,19381
74,,,9,6098801,12/14/2013,"10,927,983",5.072,95516,3983
75,,,19,6106928,12/15/2013,"10,938,175",10.192,95535,8127
76,,,33,6123770,12/16/2013,"10,959,528",21.353,95568,16842
77,,,28,6132322,12/17/2013,"10,970,536",11.009,95596,8552
78,,,32,6148568,12/18/2013,"10,991,787",21.250999999999998,95628,16246
79,,,34,6168877,12/19/2013,"11,018,742",26.954,95662,20309
80,,,25,6192726,12/20/2013,"11,052,252",33.51,95687,23849
81,,,36,6212088,12/21/2013,"11,084,612",32.36,95723,19362
82,,,42,6228426,12/22/2013,"11,110,903",26.291,95765,16338
83,,,28,6235942,12/23/2013,"11,120,309",9.407,95793,7516
84,,,30,6247913,12/24/2013,"11,135,872",15.562999999999999,95823,11971
85,,,46,6251436,12/25/2013,"11,141,330",5.457999999999999,95869,3523
86,,,51,6262006,12/26/2013,"11,154,886",13.556,95920,10570
87,,,49,6274655,12/27/2013,"11,172,515",17.629,95969,12649
88,,,36,6287522,12/28/2013,"11,194,503",21.988000000000003,96005,12867
89,,,27,6291592,12/29/2013,"11,199,489",4.986000000000001,96032,4070
90,,,52,6305814,12/30/2013,"11,219,471",19.982,96084,14222
91,,,41,6317163,12/31/2013,"11,234,326",14.856,96125,11349
